0110011111Νῶ DI SAVOIA 355

01110110 mutationi? No: 11 sigillo ovalo 000001010101100001000011101100010
01001100, 1 10001010110010000011001οΡ00000, 000 000 dire ad 10010 0
1000110 001000001010100011 11 000 titolo alla 00000001000. 101000 0000011001
010013100εο 10 00000 10 momoria 101 00010 010001οο 111, 110 0110 soconda
00001010 0010011 10000100 000010 10 (11000 001 1111. [00010010 01000 010
00110 111100010010 0001010000οα 000100000001100,100001 000οο 0101110010-
cipi 00001011,0οο1 10 00000 11 Ρ10100 00010 000000 rosso, 000 lo 01000000 010·
00001000, 000 000 00001100 00000. Gli autori dei 1110111111 100010οο10οο 010
ignota 1 10 angione 101 10110, 000 01010 0001111101Ιο 00000 ιο1 00010000 010
000 10 001010 essere 010 010.» 11011000001010000010000000010011000 0011ος
01100 1101001 1 giu 000001110 010 10 armi 1011000000 011000 00 00011001000
dominio. 11 011000100111001111000010 Ρ1010011, 0 00110 amico 101 0000100011 ’
00000011, 10011001001000000 00001000, 10 0000011000010 000000 rosso (001·
0100 0 0000000οῑ 10110 [0111001001 10110 1100000110 ai 0100010. 8000011 000οο-
10010100 1110 01100 scritto: «Ρ1010000000 gi& 1001100010 (0000011 11101 10
stamma glorioso 10110 00000 Β10000 10 campo vermiglio, 00000 00000 000110,
0000οη101 000010 (La 1000001110· 100001.0110110100101,00110 Ν. 10101οο10,
vol. .·

00010 11 00010 100000 0000000 010 possiam 110100001010 0 0111011000
01 00011101 0000000 01010 000110 0 00001000 1011011ος 00010 egli 110 00010-
011000101Ιο 01111 010011010, 0, 00000 1010, 00011000 101 000010 10 quei co·
00001 (1). Ι10110010 1100 egli 00000000 0 arguite 010 10 1000οο000 101 reggi-
00001100000011011 abbia persuaso 1011001000101 1100000 0010000, domestico
0 0001 100001 10000010 0001110 secondo 11 0010 000000 00000, 110100010 (10010
magno 10100 0011000000 0000000000 0110000000011001000 101000000110001100
0 00111100. 111010110111οο0000100000011-1000001010, egli 0000010010 0 000100
11 1110000010 1100000000110; 0 0010000010 001 01010001 010, 1000000110οο, 0
1110000000 10110100001101000100000, 000 000100οε0 0 00 simbolo di 000010, 0
0100 10 00010 000110, 0111001000 000 10 000010 11 1101001οο 1100010 000000 00-
001000 000001οι0 010 11100αο10 11 (100000001ἰο 00100 0110000001 guelfo, 01000·
00000 11 11100100 0 1100010 10001οο 1v 000001 0100111 0 1000000οο IV, 0 for·
110000 10 00010 000100 00 110010011.

Quale 000 1101000000 0010 10 mom, 000110010110100 000 10 quarta 001101
Qui vongo 01 punto. ’100000οε0 11 11100100 0000 001 00000 0 00110 10000 01
1000 010000010, 010011000110 01000010 10 111000οο10, 0 gli' 00000 1011011
0100001000 000101001οο, 10 000010000010001 0001010. 110 10 fortuna 11 0011001
10 0110 000 000010110010 molto basso. 1001000100 10 guerra 00110 000011110011
Anti, 00000001 1001001000010011001010000 000000 Ρ1000010, 01 ebbe 10
0009101 10010001 1000000011 0000000, 01100000010 10 00100 10110 00110, 311000
01100000 00010, 0000110000 11 0010000.1)10011001 di 000000 0 1111000 001 1818.
Ma 0 *100000οε0 000 00000000, como 0 carlo 11110010, 11 1000010 101010 11 111-

(11000010 10 001010 10 0000 00110 0010110010 10110 1010001010110 00010 as· Savot'a, 1011,
000. 111, 0010000000110000100 01001001 conti 000010οο00 001101000010001100000 0 000 0010
10010 00110 011 001000ος 110100 11 10 00011101 10 00000 110000, 00000 00001000 0 000110, 10 luogo
010110 0101101111οΜ 001011 001 001. 111, 000611, 0000100οἰ 0 010 1101οο 11,1000110000000010010
dol 010010 (1001000000 di Finndm) 10000 00000 qualche 10000 ragione 000 0100010 0 0111000010. 0
Non 1010110110 011000 0 questa 10000 ragione 0, 010100000 0001000110 0101110111αο

 

