364 REGESTA (1011111111 ΒΔΒΔΠΒΙΑΕ

0 01 S. (1011000110. 11011 1110001οο 001 9Ιο 000110 110110 111000ιο000, 01 01
00010 il titolo di (1001ος 010100 0101101101 900 00101110 010 01 110001 soei
001 0001110010 un 01101110 01 Dio 11 compo 0111100,01000110100011000110110
11 01000110101111100101010 011000 ΙΙΙ, 0 0010 000 010000 111010 comites.

11111000100 001 990 0001 1015 0 0101111101 11011100000001001011101111-
00100001100010 11111010 01 (10110 10110110 01 000011010 001 vescovo Pistre
0011011,1011011000110001990,001 1001 0001 1010 Suo 110110 10011100
01 0110, 11 0000000110ηοοΙΙο 0001011 010000οΙ 11 1010111110 1000, 110101·
0110 111010, 0 1000 10110 0011 000101011010 01 11000110 00010 01 seprio. 1110
111110 100101100001010000 001οΙ10 00110 10011001001001 dee 1110111101 ³
0111111000 1110110110 iem 1101011101111001110000011101 10110 0101111111
001“]111“1000100.ΑΙ 01010 01 1100010011 111010 01 (10010, 01 00010 011110
0010010. ¹

11 sig. Gerrone (1001101101010010) 010111ου0 11 1110011100 001 915 011
11100010οο01990 00010110 000 101 00110 000010 1100 persone solu 11010111
0110 1010 0 101110 101000 00111 01 Novaro 11000101 sipon 00010 110110
testimonianze, 10 01 Riooerdo 001015 1 1011000 lotario 0111100100000 01110
111010 ohe quello 11100οΙ0; 0010011 000010 00 vassallo 10010, un 1101010,
010 0001011010, 10010 0110 prevales 10110110110110, 101 00 00110 semoto
0101001οο 0111 001011010 001 vescovo Pietro 0011010,01101011011,1Ιο
1101011000000 0110 0100110, ei fosse investito di 00 0011111110 0011001101·
001010000100 11 0100010 comitato 01 101 00010 0000111010 001 1010 0101011
001 1000010011101010; 110 000011οε0010 oneo 1101110001 01011010 011-
1000,0111 000101 0110 001011010 001 1013. 01100011 0110 101 1011 0101 10
1000110110 stesso, 110010110001100011110001 Arrige ΙΙ, 11 quale 0000 011
chiesa di vercelli 101101010110, 0110 1110101110 01 soor 010 wama o-
111001011. Νο1 1010, 0001110 11100100, 10 00011000 0011011001 0110111, 00100110
11 comitato, 10 010 110110 010110111011 101 1000.

111000100 00110, 11011001100010000, 000 01000101110010001 1110101110 dol
015, 00100 00111 0110 101 1011 000000ον0 000010 10 10110 01 vulsenis, 11000
rate 101 diploma 001, 10 1100 0 1010110011 101 forms 10 0101010011 00111100
essere solve [1).

Quanto 01 01000110 0011011100 dei 0011101 Lomello, 11010010 10 010111
01100111, 0101000111011010 0100 01000010000 10 0110110110 0110 0110010010
001100010010010101110000.10100 000110 101 00011 01 seprio, 011 oui 11110 011
1110001001110111000 11 00000100 001 100010110ηο 01Ιο badia di 111000.

Ι 0001101 10100110 01000 01 0111001 renos Ε 0010 0110 011010 ΙΙ 00110001

(1) 1110011100 l 915

1110001110 010 1 998

1110011100 ΙΙ 998-1001-10111011
sp. 1101001000 - 00010 1015 .

11100Λο10 111 1003
10. eluendo 00100110 bonomo

 

